1 0.49053790492433635 0.31051442264156187 0.02 0.02
1 0.7152423848896765 0.43258727896076077 0.02 0.02
1 0.3601290549444514 0.5213161606372155 0.02 0.02
0 0.283890034956211 0.5201858564120377 0.02 0.02
0 0.09830820998483633 0.6874708817383474 0.02 0.02
1 0.832610349871573 0.6699511662480918 0.02 0.02
0 0.7924845498777622 0.5959162394989481 0.02 0.02
1 0.46244984492866886 0.9491363098670004 0.02 0.02
2 0.5597549099136598 0.9706120901453781 0.02 0.02
2 0.3761793749419758 0.989262109860811 0.02 0.02
2 0.2588114099600793 0.9632651126817225 0.02 0.02