0 0.0982078954848518 0.6879230034284184 0.02 0.02
0 0.28579601045591707 0.5188294913418244 0.02 0.02
1 0.3586243374446835 0.5206944933133677 0.02 0.02
1 0.40828001493702437 0.7550630744039778 0.02 0.02
1 0.46124607092885456 0.950888281416026 0.02 0.02
1 0.8298015438720063 0.6680296490652897 0.02 0.02
1 0.7161452153895373 0.432417733326984 0.02 0.02
0 0.7944908398774527 0.5971595741466437 0.02 0.02
2 0.25710606346034237 0.9633216278929815 0.02 0.02
2 0.37738314894179015 0.9894316554945878 0.02 0.02
2 0.5627643449131957 0.9689166338076113 0.02 0.02