0 0.10041481448451141 0.686058001456875 0.02 0.02
0 0.28579601045591707 0.5188294913418244 0.02 0.02
1 0.36083125644434316 0.5206944933133677 0.02 0.02
1 0.4071765554371945 0.7538197397562821 0.02 0.02
1 0.4601426114290248 0.9471582774729392 0.02 0.02
1 0.830905003371836 0.667407981741442 0.02 0.02
0 0.793387380377623 0.5971595741466437 0.02 0.02
1 0.7161452153895373 0.432417733326984 0.02 0.02
2 0.5605574259135361 0.967051631836068 0.02 0.02
2 0.37848660844161985 0.9869449861991968 0.02 0.02
2 0.25710606346034237 0.9620782932452857 0.02 0.02