0 0.0982078954848518 0.6873013361045706 0.02 0.02
0 0.2846925509560873 0.5200728259895199 0.02 0.02
1 0.36083125644434316 0.5219378279610631 0.02 0.02
1 0.4115903934365137 0.7556847417278256 0.02 0.02
1 0.8320084628716659 0.6692729837129852 0.02 0.02
0 0.793387380377623 0.5965379068227958 0.02 0.02
1 0.4623495304286843 0.950888281416026 0.02 0.02
2 0.5638678044130255 0.9695383011314592 0.02 0.02
2 0.37627968944196033 0.988188320846892 0.02 0.02
2 0.25710606346034237 0.9645649625406769 0.02 0.02
1 0.7161452153895372 0.4314371227503539 0.02 0.02