1 0.4766945039264716 0.41278710303492067 0.02 0.02
1 0.7150417558897075 0.4314371227503539 0.02 0.02
1 0.830905003371836 0.6695357077840505 0.02 0.02
1 0.36083125644434316 0.5209572173844331 0.02 0.02
1 0.4601426114290248 0.9511510054870915 0.02 0.02
2 0.5594539664137064 0.9685576905548291 0.02 0.02
2 0.37738314894179015 0.9859643756225667 0.02 0.02
2 0.25710606346034237 0.9648276866117425 0.02 0.02
0 0.0982078954848518 0.6873013361045706 0.02 0.02
0 0.28579601045591707 0.5200728259895199 0.02 0.02
0 0.7944908398774527 0.5971595741466437 0.02 0.02