0 0.09953204688464759 0.6872532265137121 0.02 0.02
1 0.45881846002922905 0.9505293381632437 0.02 0.02
2 0.25732675536030836 0.9635221852316621 0.02 0.02
2 0.3750658839921476 0.9895078793684989 0.02 0.02
2 0.5619919232633149 0.9710443598502201 0.02 0.02
1 0.8314567331217511 0.669473541051666 0.02 0.02
0 0.7950425696273677 0.5983547992034807 0.02 0.02
1 0.7161452153895376 0.4314992894827386 0.02 0.02
1 0.49037740172436123 0.33029184916032134 0.02 0.02
1 0.3629278294940198 0.5210815508492026 0.02 0.02
0 0.2840304752561894 0.519030048680505 0.02 0.02