1 0.5042809914222166 0.231881911795219 0.02 0.02
1 0.7161452153895373 0.43205879007420167 0.02 0.02
1 0.8320084628716659 0.668292373136355 0.02 0.02
0 0.7955942993772827 0.5974222982177091 0.02 0.02
0 0.28469255095608725 0.5203355500605853 0.02 0.02
1 0.36083125644434316 0.5215788847082808 0.02 0.02
0 0.09931135498468159 0.6875640601756359 0.02 0.02
1 0.4601426114290248 0.9502666140921783 0.02 0.02
2 0.37738314894179015 0.9869449861991968 0.02 0.02
2 0.25931298246000195 0.9633216278929815 0.02 0.02
2 0.5616608854133659 0.9695383011314592 0.02 0.02